R (0,0) (100,100) 255 0 0  0 255 0  0 0 255  255 255 255


T (19,19) (48,24) (39,30) 240 225 40
R (48,24) (66,80) 240 225 40
T (48,24) (39,30) (48,30) 240 225 40
T (39,30) (32,39) (39,39) 240 225 40
R (39,30) (48,39) 240 225 40
R (33,39) (48,47) 240 225 40
T (33,47) (37,52) (37,47) 240 225 40
R (37,47) (48,52) 240 225 40
R (39,52) (48,81) 240 225 40
R (39,81) (45,84) 240 225 40
T (36,85) (39,82) (39,84) 240 225 40
T (45,84) (45,81) (48,81) 240 225 40
R (66,23) (72,84) 240 225 40
T (62,81) (65,85) (65,81) 240 225 40
T (66,23) (86,14) (73,28) 240 225 40
T (73,28) (79,39) (73,39) 240 225 40
R (73,39) (78,47) 240 225 40
T (78,47) (73,52) (73,47) 240 225 40
T (74,52) (78,60) (73,60) 240 225 40
R (73,60) (78,75) 240 225 40
T (71,75) (78,75) (72,81) 240 225 40
T (72,82) (75,85) (71,84) 240 225 40
R (72,52) (74,75) 240 225 40
T (37,52) (33,58) (38,58) 240 225 40
R (33,58) (45,75) 240 225 40
R (38,52) (48,75) 240 225 40
T (33,75) (39,81) (45,75) 240 225 40

T (10,30) (10,52) (33,48) 240 225 40
T (10,52) (33,48) (26,57) 240 225 40
T (10,52) (26,57) (26,59) 240 225 40
T (20,70) (32,75) (32,61) 240 225 40
T (14,61) (32,61) (23,68) 240 225 40
T (17,55) (14,61) (32,61) 240 225 40


L (19,19) (48,24) 0 0 0
L (48,24) (66,23) 0 0 0
L (66,23) (87,13) 0 0 0
L (87,13) (73,28) 0 0 0
L (73,28) (79,39) 0 0 0
L (79,39) (79,47) 0 0 0
L (79,47) (74,52) 0 0 0
L (74,52) (79,60) 0 0 0
L (79,60) (79,75) 0 0 0
L (79,75) (72,81) 0 0 0
L (72,81) (75,85) 0 0 0
L (75,85) (65,85) 0 0 0
L (65,85) (62,81) 0 0 0
L (62,81) (48,81) 0 0 0
L (48,81) (45,85) 0 0 0
L (45,85) (36,85) 0 0 0
L (36,85) (39,81) 0 0 0
L (39,81) (32,75) 0 0 0
L (32,75) (32,58) 0 0 0
L (32,58) (37,52) 0 0 0
L (37,52) (32,47) 0 0 0
L (32,47) (32,39) 0 0 0
L (32,39) (39,30) 0 0 0
L (39,30) (19,19) 0 0 0


L (32,76) (20,70) 0 0 0
L (20,70) (23,68) 0 0 0
L (23,68) (14,61) 0 0 0
L (14,61) (17,56) 0 0 0
L (17,56) (10,52) 0 0 0
L (10,52) (10,30) 0 0 0
L (10,30) (33,48) 0 0 0
L (33,48) (26,57) 0 0 0
L (26,57) (32,61) 0 0 0

C (47,35) 4 0 0 0
C (67,36) 4 0 0 0
C (48,34) 1 255 255 255
C (68,35) 1 255 255 255

L (56,40) (60,40) 0 0 0

L (49,43) (54,46) 0 0 0
L (54,46) (58,44) 0 0 0
L (58,44) (62,46) 0 0 0
L (62,46) (66,43) 0 0 0

L (41,58) (47,68) 0 0 0
L (47,68) (51,68) 0 0 0
L (51,68) (51,56) 0 0 0

L (64,56) (60,67) 0 0 0
L (60,67) (67,68) 0 0 0
L (67,68) (73,58) 0 0 0

C (40,43) 4 230 0 0
C (74,43) 4 230 0 0
